$ANSIBLE_VAULT;1.1;AES256
65626230663937326530326530316463363462336262333165306534343861343930633763643962
3833313539326464313835653430653133346631396461370a336635386235386365336166383035
38366634313866383263623262363732383632626661663463633633613837303633363035393536
3739636237313830390a313565303661393739393561373337653935353235333435333363343433
65346431376364363062393665396365616335633230613039386333666563656633393461613537
64653739393862626266343865626638393963366532373562333362633638656634353462313234
37396136306234343635363562343964623233623830373966383366346235633062653935356330
31656431396437323235656436363536383539343230366361393032333333633937646331653632
32656134326334626565646665366530376339326566326264386635646136653161353438333763
39393634353531653931633037396633343237656437396535383763346163323533373864376662
63656435633334633463643632363231356137666364376236643430313239316535396230373632
30376638346130383838383530336139306663633265346561363661316265643833303438336631
32643335366237333862313730623365383262383963346632396533383432346263666663643865
62336536373934396361376464663363366533316165646235656262333636393437366134643463
39653665623337646663653430646263353938633634313131643930636635353337383039613063
33633961336638653164353430623239343166666661366435633237343936336136646439393639
37653663616437326130306666303939313430653130626533643831336362353366363831613634
31396535656366316537616235393963643132326432616364326465666431656432616164333463
33316666646365373834643261333839343034376464613231646462643432313262343335383137
39303665353464393933
