$ANSIBLE_VAULT;1.1;AES256
35623530353035623135343366353838363062643731373335376332313965313261353166303331
3266393235626631346237343636333863373836663265360a396436333964316164383062316666
66646536623462326264643135386631366531336435323564623837656436323164656534326433
3532393439356435330a316335616364343034323730383863636430383935356439313130393337
30393566316562653463366231356264383866336434343531663462613261663032353364376261
38333832356434653837333162323735616132333635336530316163613864353933393732343232
65633962353362376531343465333333313635333966366662363366373337336535313930346437
63363834366439616537306639313236636565396435316163313730646139626639376262633762
66396666323732316438636439303032623936303261323566323263643036316664386563666633
39333765623239613336326233306362633933303762336234333538366238316134646232613439
33363064633466366234353630303838366462373131333334346462656535396665373862656636
65646166376138646232643332396638616235393436613739633239383037306532346532386235
38636631333662653663353834396263643239326531633337393236313862636635383164356339
61303939636534383537646539383632613462363837336363636139626537393861653839366132
34333830386361616634393433366538646364396332643536346337636461323064323439333432
34383133643365353331613535366464393438356638666338636264326639363833333532316266
64336633643435363232616433343161363233383763356464313761373338333162363636333565
35346436363131383765636633633333656637653766653135613138616461613336643634303931
62303862313862646635303465393431303066333535396662323535333832346434353963353261
37343731653932396535306335646232383231626266356338366561646439376265333332353135
35643137383863386339313833626237313564303436633661353832653464326166313031643430
34653937326563346237626566626535666138663532663632353462373166613761663234636266
31646633376637313137633132646135393634623430613262346531643266376639623765356435
31376433313566633436383937363839396336643764356131663465313830346630366335333334
34323334323631366166316165653331386161343433326636633261333436396137653930316338
34373731336162323566616432613265386163326536396534623133646232613261353563623832
38653065666639613865333931643166643963333365396330653164316438373030356161386131
33663865306461366532306262326532323763333631306436633465303438393035323337396235
65303737653630313731313235363161376333663963623331333363326434313266613463613538
32643034313236666130373136613265633539376133643161663930656535356333333633623134
32343034326232613832383531333434633539373335376232353765623433373530663435366538
37346532373230356635303364663366333739373862313530643538343430363765373463336132
66663439313231313639383338303134613734393063373862333335393737636632323061613566
33366566663732313632373062633831386162393962343138323733363338653465336438626562
39373563653264663835313539626366383232396636396537613334383961333762313365343464
31376534346237666633356561373632623166646365326361646337643266396661346237333337
36616265633539613063353562666561633533383932393830626364623337343565316365336662
66373662363137613830656135383233613333313237653063376535313134626330343137646562
32633665626663653532373237383438383535306164643061393562653866636535613430313061
30366462643337386433353166376663326336346537343737386239306535393336393437616133
64656538353063326233313638303735396631663436626437343835666131643335366632643535
66623364646364373762626165663034386534623066356364303931613662373039393833666166
36366532316662373261353733306636623133366263303662343230343365636436653637663130
61366465373963663636313365363163643638613937653464393837303065616465643763383434
35306230633966383166653864626562383134326631323533396530623237393366376432343165
31393837333031376137346563303666336562623866333931306538623562623439316131656134
36316263353161356339636132326330623431623331323031353933646261346130353538386663
61636339366561306330316262623639366466656261663264643637376236333639343738373566
62303962616562666635643266633930666566616534366261666338623761646564363561643165
30386633373138383332646437643263396565613534383466666565313666323366623034616237
36623631393433393463636538383961393233616162646538343234643164646431353064643235
33393430373734356334383134373864613238636232313638376131663963663564643935376265
66636635373164643139373264646534376631366130626433646336623033303935326534303535
65353835303232383437613432353434346434646435393835633036616666666161333732636230
62643362383330393561373931623565643865363933343131653034373665363731376263653938
64386138353332306230656265633534343166626433356566383366336234353733623736373665
38353830396436336335396661396134653432366263333239616130353239393230316336323061
35663131633935343537663064373333656663613465633265336361303739663837343461306365
65353861366435613363323164386462356637663865323336363338376366613939346437333830
66613234633630346235356562346639376632386338373031626335336335323865623065646639
31633062333663306662643731643963363662396335343438336630313638646461303263653961
61656561303733386461383363363735633035366266626465303634393464636566303232306530
36613934636239613366333966653830306234386432666435626663333234366636393831663664
32333362616363666434363538333835623935306463326164383231663261353964636130653464
31323532356234386337373564613331303031316662343333343633393962643862643936383362
64313230323962373132643339616432323933313331666537326363396366653162343934323838
37626465356566613538613636613361643237656135663631393438366337636439636237623765
61633561646662393766393438643061366334306633633639643366343962316131356137383138
32383864383631633237336332643335646137393836316339653237656266333436646461613531
66313365303839616237373739373763663831396366346230346562663964613835363465336339
61393035303336366637333865656235323763653338326636663966626134313964306331613864
64626639613731336236326464656564313037346266643262643632643637656562613765666266
61323464333830643262616361333065303162633036366531363665653438343462303266326639
37313638626365303136653437636336333362303862303939313735663830366262663934323237
64303039363433386262633535333566393731343064396665646465343732353366636466373532
62636137393430303539343236323937613436396162373765356532623161383034376635383966
33613163626336636333633764343837383435653734386639633634383532356337623437653538
34646561633662646238323631346562313164613837383133623761663039633761656461356138
62393463393630636135323461353962366334363331626230623463653935326130643562313763
30663334363334633730366138366465626135653238363362663634323837626130393130313764
37633362326439356264616339663739373662393330333462316230313838306566373664303061
30383834636661333765386133306233396433346134366637363364653038386162313934643432
35373332326361636432386232653764623861386536323663353732346465643135613235306561
34393065353339383136346362396163353038393861653731666534623335636536326635326538
31306438363230343865646239656366333763366164316232333338343463346530616466666166
30653130326137313139616564323938656134656337333732623764663930383638313131383136
38396565653335616265636162633361336461316430316564623739643863643833633638353636
62663761643336363565653261643330666166643531323331393631346563636439306439626361
65613164396139653338396261653030636638313562333861333235306237653236323739343263
65653739336433636636663931613430383238613361653031666664366534303362303034316239
32643335646336646334303931613335663365353437653534616464636562383462333261383231
38396361656235346436616565376366353966343236383061626665666263393764393532336166
61343234396662303139313562656136376564316436316261336563323830323163666232356537
34313039346164353964313336613362346463313637633936346162303036333436363466383635
33343862643533383764663462356563323764623137336663336162326633393136656461306266
31343961623863633464323934666531616563353062353536323731323466363134663533336164
61333435656231396665616161633662366261616232383635633230646132356436386333363732
63616462633030323535653661613132333933643566343732343666356663356235333862663763
36303433623932316665336332353830376238643762623335646464313933346531303831373566
37393330653235653863313636303164386131316534396261353631663365333566643261613630
37363865353566376433393266306433376564346333356262336130303864316238346630343239
33323534356339356333616133356135316238313861623538653435626664643762643062323637
35656262643166373737663631626564656239356333636232353863313663366165343766643135
39303164393533336634366231616262613565356631303031626430373339363432383633656131
62333163376661313461653061356231343832316365616136316131316333666532356465386635
61373263353437626538346163626663643561666331626335366630613739326637663831346234
66613438353234346238616230306664666136346338303936643135623463386461373032666236
38643561393663313561663964626261316137303137346164323964613763656264316561306162
36373162653464336463636332646261383063323761383635386630376663616335653464626164
63376235363132383433623231303830336536383832366133393132373033346265383265666335
38623235303162653036633534663065306239303866646539663433353433313436653861383266
34653139666262396636323537646132323033393030363964353031376563303931363731663464
64366565383965643236353930663239336663363663383732326234376465613339343330373338
32336534343634316132393632313966656161306332303030333233343833373761646562303032
30616561623533623730373463666531383162663639396430663131303465626164646436653038
66333463656366363733326130333538323264353361366161323637396364383963336332313438
64316335663534383761386230383761376331326261613231356137346234366535373866306431
33643465636638656232633265313634376438316139386339653034623436326337653463633134
37363232336536343830633464646431386362623661366432333330356631313763343835653066
30313663653231626633313666663835616632393039366261363132333665623961333232373237
35333064393839663466386136336631356635326364663361613935336333316662616136336337
63633564366533316263363364363134396161326265613762613634643664383061643737386633
66333735633136643536376331613739316238623933626236326563363033386632373538633134
62623730383533393764373332356235386239623032383635653535336533343966373733396535
61396461633264376232653032326333383430376639656163663466303164653266643034373730
65623962613231373661363661306637346266333161313138636235656330393833396234323435
62376432343732326439643334353336373366626237663864353965363762363834626461333131
39313838616331363239353362336535623136303637656263623261663830616332333130643935
66333465626533363830326166323164653533613331326133303138656232626463646331366362
32306238643637656631346131396562656164653037373666336462386466613166336439616138
32373264353034396566613264633363313731323134386433393333623266353031396263383637
38353933396137343336303162383136663166323365633062373261343766653936313035356236
30636535616666623366333462636632623439656633326664663461313066313666376161366162
36323862306538613165383862633933343462643462663135643738613238303737323730616265
393962653661636361623532373232316135
